.Random.seed <-
c(403L, 291L, -18559379L, -1239211611L, -259339908L, -1848363884L, 
-47119637L, -738428565L, -1602170386L, 1964041112L, -1773921846L, 
1840082258L, -1209249052L, 1411856031L, 1579147220L, 739047332L, 
286755471L, -1229966849L, -1718861834L, 1802590596L, -214548111L, 
-1814520321L, 651619259L, 1616992393L, -4647313L, -134727100L, 
2092081313L, 818205056L, 239130140L, 365899775L, 2118798653L, 
1212041835L, -940759835L, 1030207743L, 556182995L, -731258142L, 
985281441L, -1364269533L, -1309991879L, 541502443L, -1543053939L, 
1440269728L, 240637030L, -1863524995L, 593266662L, 112733550L, 
1145058586L, -1848837258L, 350368046L, -1614037612L, 328197160L, 
209439908L, -1444271573L, 1616090073L, -1224075054L, -1881908639L, 
-666652096L, -998430020L, 503005025L, 982277540L, 1266332945L, 
2069544810L, 1647537954L, 781072288L, -1239090399L, 1436957288L, 
-1295412533L, -895460660L, -820363302L, -1739193482L, -1275250467L, 
-1842444759L, -1455203537L, -795915171L, -1725403029L, 238653279L, 
-75970304L, -202171869L, 1057554186L, -236822712L, 154743320L, 
-337138698L, 948125312L, 878204731L, -567516725L, 1039021538L, 
13273031L, -1368988280L, 534442970L, -711331391L, 278875534L, 
280996758L, 1634437720L, 2058877367L, -1629025624L, -529365534L, 
1609221504L, 614949783L, 1262611294L, -1045150348L, 1650798796L, 
2047045266L, -940197711L, 1355060829L, 2100628135L, 1889555090L, 
1736590911L, 1820336687L, 1271882518L, 2045445039L, 1994820690L, 
-343368137L, 1335241892L, -1272051750L, 298397444L, -924003328L, 
2026072146L, -660666301L, 1114337432L, -1176397064L, -261806319L, 
-118427870L, -1473594134L, 1172506403L, -1377808449L, -703227845L, 
1501068540L, -1280891749L, 47013700L, 2016695455L, -1322473046L, 
-327668364L, -757723473L, -624610676L, 641194339L, 928649089L, 
-776784771L, 1576627835L, 1530020169L, 519632539L, -518919218L, 
1389450830L, -493123857L, 1985849824L, 124423940L, 708597480L, 
-878858012L, -1424873378L, 798680953L, 1677635048L, -912710880L, 
-898444077L, -1750555815L, -976050172L, 2127988894L, -1483268584L, 
739376862L, -779671499L, -390034259L, -290616365L, -517887448L, 
-1317619239L, 1473900600L, 335645267L, 347521724L, 1853132407L, 
1276985662L, 1720772080L, 424841430L, -616378416L, 1853407756L, 
-1032649447L, 2005607312L, -925100753L, -824793213L, -1415988632L, 
-1581719948L, -51151251L, -1828227427L, -1042075068L, 1920291453L, 
1267030040L, 20193562L, -963003696L, 492627096L, 947861924L, 
-608082780L, -1897723926L, 1728287649L, -1653004427L, 2003943915L, 
-2138295531L, 1883466647L, -77843599L, -1071760732L, -1792524345L, 
-1764455774L, 1331968947L, 2074198460L, -1614062442L, -1907640518L, 
485547701L, 2011509916L, -247570605L, 176978472L, 1053017919L, 
357871786L, 1130498661L, -750658599L, 1237253679L, -1271546547L, 
1159349497L, -85852572L, 1223627210L, 933302413L, 1646091779L, 
1041744620L, -1346135711L, 1186987934L, 504154735L, 1490193213L, 
-1806124479L, 1135578982L, -830392855L, 1445619434L, 688484615L, 
-375117095L, -476380968L, 1176230943L, -1097189195L, -247863698L, 
1615614011L, -315816958L, 67916482L, -1071343735L, 1000129409L, 
709311737L, 2145784068L, 1279610568L, -2071263945L, 740743880L, 
707978594L, -504322586L, -44073146L, 498567989L, 380060103L, 
1121585275L, 772991393L, -671756194L, -1622908667L, -1507860677L, 
-137822506L, -1386545414L, 609009659L, 2130561874L, 522419611L, 
2051238329L, -770930801L, 1978535189L, 459926330L, 1435692333L, 
1259384290L, 439136441L, 740937214L, -223243027L, -1187073656L, 
1353482466L, -1318451965L, 753153711L, 1086261681L, 90437279L, 
187151976L, -949576824L, -248068835L, -2108091100L, 2113261472L, 
-227739028L, 1636762435L, -1365107877L, -430579916L, -27051126L, 
-184312506L, -1567068725L, -351831217L, 671107070L, -1914070626L, 
1909580359L, -1715586587L, -1753529431L, 641419573L, -1420134874L, 
1168554014L, 13073807L, 951108508L, -275112337L, 2103489908L, 
789233588L, 148126184L, 1582765428L, -2115077012L, -1304440740L, 
1628685349L, -1937761636L, 1310993128L, 1671297238L, 1297898069L, 
-894988872L, -1667637611L, 767961565L, -560621081L, -1178831306L, 
1591833714L, -1851355048L, -2015404706L, 1849647131L, 653670892L, 
-727273788L, 395181570L, -673248978L, -942984747L, -1590495109L, 
2091184504L, -490586654L, 496527038L, -260020561L, -513708987L, 
431260646L, 1984439169L, -1054975786L, -691378949L, 879090923L, 
-544900019L, 1203475852L, 1779196682L, 887592405L, 442623861L, 
-1012064642L, -509123693L, -983023669L, 855387753L, 1102334L, 
-814047472L, 597625674L, 745800048L, 1120582316L, 1834558730L, 
-1471086813L, 416665959L, -1017750881L, -792689053L, -730302193L, 
-2024409482L, -1272773704L, 664469930L, -1702584963L, 1425010292L, 
-2134394049L, 1912699460L, 1137259303L, 344801775L, -1921023958L, 
-1566928706L, 1044967698L, 1740293746L, -2024558800L, 603890510L, 
1029201497L, 1731836544L, -644766346L, 147444372L, 1152643066L, 
-2027748164L, -1908824109L, -891321522L, 628734420L, 959419402L, 
-1344767104L, -81990007L, 707121685L, 529824695L, 878473144L, 
-2010596151L, -1763377154L, -1546789603L, 183722657L, -1543556736L, 
-1591878425L, -1103149856L, -672628600L, 146166938L, 1931537332L, 
1671856891L, -15427672L, -1556537580L, 228354664L, -1536430566L, 
1786702118L, 1885063231L, -1070444576L, 215104341L, 1470812162L, 
-939633645L, 2048913773L, 1179444714L, 1320382995L, -470388848L, 
1333794015L, -1940529815L, -467788842L, 826382078L, -1611707304L, 
1174291175L, 1139955625L, -1704358041L, 1750814465L, -20888017L, 
-1123377015L, 1373801365L, -1955122231L, -1347442909L, -1457536490L, 
-1847190499L, 1772408712L, 910552090L, 347047373L, 213050390L, 
-677561906L, -1479270461L, -913922206L, 212215726L, 2129932814L, 
1145683907L, -275349892L, 1758261711L, -1390649750L, -322399106L, 
2120645389L, -396536764L, -1960347729L, 1453087543L, -34109321L, 
2022886452L, -1064537983L, -1843174167L, 540272961L, 651270369L, 
-1334258526L, 1564079337L, -2098264445L, 1027877083L, 2078122294L, 
-876884755L, 225403871L, 1275578777L, 1173238166L, 930546892L, 
-1318302318L, 416975583L, -853785326L, 43397646L, 56481558L, 
-1594393581L, 1200202100L, 1792975095L, 1683992503L, 1889372325L, 
1412666158L, 474297782L, -1829490304L, 1104576035L, 1488443143L, 
-381324632L, 1570871875L, 1792253183L, 144572992L, 779358904L, 
857496287L, 2077081646L, 325311443L, 1152492613L, 528153663L, 
56202996L, 82913181L, -345851403L, 1136586751L, -1114318658L, 
-1876184537L, -180524221L, 1587728736L, -1426068574L, -1333313041L, 
195336986L, 1209079497L, -2012828944L, 932438352L, -1127186931L, 
-1099766780L, -578405041L, -1939206267L, 1661446018L, 2017040702L, 
-1641673079L, -2042657338L, -184617402L, 971318144L, -1939224751L, 
59905760L, 1972401057L, -1154176941L, -1554100068L, -34127148L, 
-427298856L, -233510630L, -1226521407L, -606811768L, -1844130433L, 
428352067L, 298453804L, -546660931L, 820101978L, 894551149L, 
-1525401394L, -2035252215L, -504915867L, 979887359L, -1461536751L, 
1028968325L, 1754461076L, 526510317L, 84521020L, -52393752L, 
810164634L, 1891799512L, 477644340L, -1525652280L, 391978111L, 
1610105548L, 427140528L, -289012427L, 658669552L, -1960742947L, 
995809516L, 824126691L, 209729400L, -1096186529L, 1283082729L, 
-1753859624L, 1153681426L, -1614679644L, -1353213046L, -1064078699L, 
-1298715404L, -214050264L, -972191354L, 1557238467L, -1795271981L, 
1385991018L, -136988011L, -629109185L, 792685273L, 1958031736L, 
420597056L, 1870797391L, 1637449887L, 494108265L, -1078803071L, 
1088769752L, 1858598283L, -1044285238L, 1356083034L, 1333593316L, 
-846969892L, 888680246L, -101036533L, 294691760L, -62649891L, 
135895669L, 1218337545L, 1600197267L, -155154358L, 308403367L, 
-282772401L, 33257224L, -1181171095L, -1452060446L, 962596264L, 
1022420822L, 1358780667L, 331669253L, -1458449664L, 557597132L, 
875195168L, -1394470656L, 1784944424L, 795508029L, -1146046549L, 
1759334419L, -1999403439L, 1810581262L, -933131030L, 37321538L, 
2047543048L, 257947137L, -2006920335L, 250710546L, 1595602858L, 
